-7.339352400000000165e-02 2.980143199999999923e-02 4.766753400000000446e-02
-7.277501999999999582e-02 1.094976599999999967e-02 4.590940500000000035e-02
-7.053364000000000855e-02 -7.929817999999999936e-03 4.484257999999999994e-02
-6.685006000000000281e-02 -2.607428000000000176e-02 4.314111299999999483e-02
-5.979018800000000106e-02 -4.256439000000000056e-02 3.863529999999999742e-02
-4.836897299999999567e-02 -5.648107999999999601e-02 3.075062199999999829e-02
-3.412110000000000143e-02 -6.724699400000000438e-02 1.845645300000000114e-02
-1.787540999999999783e-02 -7.505689000000000111e-02 3.609035000000000021e-03
9.874899999999999932e-05 -7.706129000000000451e-02 -8.816979999999999870e-04
1.747703199999999998e-02 -7.475844600000000617e-02 5.181200999999999862e-03
3.264896800000000043e-02 -6.692901999999999185e-02 1.917656300000000064e-02
4.637235600000000346e-02 -5.631139000000000283e-02 3.077057000000000056e-02
5.734348000000000223e-02 -4.241912500000000197e-02 3.762862799999999730e-02
6.438847999999999794e-02 -2.545588000000000017e-02 4.088631000000000210e-02
6.821203600000000367e-02 -6.990805000000000109e-03 4.228144999999999820e-02
7.048640399999998862e-02 1.166619300000000005e-02 4.414256700000000061e-02
7.137582399999999050e-02 3.036518999999999677e-02 4.714042700000000558e-02
-6.111940800000000007e-02 4.936160300000000389e-02 1.425442199999999923e-02
-5.128758599999999612e-02 5.876979400000000020e-02 7.268146999999999976e-03
-3.780479999999999952e-02 6.199615500000000418e-02 4.420510000000000541e-04
-2.402275499999999980e-02 6.103339799999999565e-02 -6.606500999999999867e-03
-1.163571300000000065e-02 5.668676000000000270e-02 -1.196739799999999888e-02
1.205663599999999905e-02 5.739103300000000102e-02 -1.205120399999999939e-02
2.510625599999999694e-02 6.190218699999999741e-02 -7.315097999999999913e-03
3.833859000000000572e-02 6.277771399999999835e-02 -1.022953000000000057e-03
5.119100600000000417e-02 5.930234499999999936e-02 5.349434999999999607e-03
6.005385199999999785e-02 5.019025400000000359e-02 1.161574599999999971e-02
6.539399999999999900e-04 4.219379000000000185e-02 -1.338083499999999891e-02
8.048089999999999715e-04 3.099372100000000185e-02 -2.115085200000000124e-02
9.922040000000000026e-04 1.994459499999999899e-02 -2.928403700000000234e-02
1.226782999999999953e-03 8.414540999999999341e-03 -3.694805999999999785e-02
-1.477247200000000003e-02 -2.598254999999999836e-03 -2.013200399999999848e-02
-7.180239000000000586e-03 -4.751588999999999639e-03 -2.353668400000000216e-02
5.559200000000000036e-04 -6.562899999999999984e-03 -2.594444800000000190e-02
8.272498999999999131e-03 -4.661005000000000183e-03 -2.369574199999999881e-02
1.521435100000000096e-02 -2.643046000000000024e-03 -2.085815600000000269e-02
-4.604728999999999767e-02 3.747141299999999509e-02 7.037988999999999704e-03
-3.767468599999999890e-02 4.273050999999999933e-02 3.021217000000000086e-03
-2.788385600000000200e-02 4.271151699999999746e-02 1.353629000000000073e-03
-1.964826799999999998e-02 3.675474000000000102e-02 -1.110880000000000043e-04
-2.827296400000000112e-02 3.513449500000000170e-02 -1.472729999999999840e-04
-3.808241700000000035e-02 3.491904399999999631e-02 1.476611999999999977e-03
1.926586699999999902e-02 3.703230700000000042e-02 -6.657459999999999377e-04
2.789419200000000168e-02 4.334244500000000028e-02 2.476599999999999700e-04
3.743753000000000358e-02 4.311081999999999415e-02 1.696434999999999827e-03
4.517080700000000032e-02 3.808651400000000187e-02 4.894162999999999986e-03
3.819645299999999827e-02 3.553202400000000233e-02 2.829610000000000306e-04
2.876499000000000070e-02 3.548428700000000324e-02 -1.172674999999999976e-03
-2.891626700000000244e-02 -2.861271699999999932e-02 -2.240310000000000131e-03
-1.753319400000000194e-02 -2.217218799999999893e-02 -1.593433500000000086e-02
-6.684589999999999803e-03 -1.902905000000000221e-02 -2.261135499999999965e-02
3.810009999999999526e-04 -2.072111900000000312e-02 -2.374843800000000019e-02
8.375442999999999777e-03 -1.903546000000000057e-02 -2.272199399999999883e-02
1.887661699999999831e-02 -2.239411000000000179e-02 -1.561067899999999883e-02
2.879441299999999787e-02 -2.807992399999999916e-02 -3.217392999999999816e-03
1.905757300000000126e-02 -3.629825000000000412e-02 -1.498799699999999943e-02
8.956374999999999059e-03 -3.963457499999999828e-02 -2.255424500000000054e-02
3.815490000000000157e-04 -4.039564500000000086e-02 -2.359162500000000148e-02
-7.428894999999999596e-03 -3.983640700000000423e-02 -2.240610699999999803e-02
-1.816063300000000241e-02 -3.667789999999999939e-02 -1.512190700000000040e-02
-2.437749000000000166e-02 -2.867776999999999826e-02 -4.785684000000000118e-03
-6.897633000000000236e-03 -2.547597700000000034e-02 -2.089374199999999987e-02
3.406630000000000010e-04 -2.601426899999999959e-02 -2.222047799999999837e-02
8.444721999999999992e-03 -2.532619900000000063e-02 -2.102551999999999893e-02
2.447447399999999954e-02 -2.832300800000000021e-02 -5.712776000000000139e-03
8.449165999999999274e-03 -3.059621599999999900e-02 -2.067148999999999723e-02
2.053219999999999969e-04 -3.140873699999999907e-02 -2.190367000000000008e-02
-7.198266000000000039e-03 -3.084487499999999729e-02 -2.032802200000000115e-02