-6.600066054374399693e-02 4.362988955437958200e-02 7.384226792633905023e-02
-6.510482993291562270e-02 2.421439647965628258e-02 7.394573559033168486e-02
-6.342757546813816705e-02 3.285044481097244926e-03 7.019374039134657073e-02
-6.017984632462292788e-02 -1.289651092407194041e-02 7.145237848773858258e-02
-5.642292016866319593e-02 -3.369510432022918001e-02 6.519431587248142312e-02
-4.852136651613539464e-02 -5.238348120186674811e-02 5.226019898934499558e-02
-3.824014125926440688e-02 -6.670141021443179441e-02 3.426448705102808773e-02
-2.355035091794544996e-02 -8.091538618071100752e-02 1.221955122648088476e-02
-0.000000000000000000e+00 -9.005645780164388270e-02 4.657741758588615499e-03
2.355035091794544996e-02 -8.091538618071100752e-02 1.221955122648088476e-02
3.824014125926440688e-02 -6.670141021443179441e-02 3.426448705102808773e-02
4.852136651613539464e-02 -5.238348120186674811e-02 5.226019898934499558e-02
5.642292016866319593e-02 -3.369510432022918001e-02 6.519431587248142312e-02
6.017984632462292788e-02 -1.289651092407194041e-02 7.145237848773858258e-02
6.342757546813816705e-02 3.285044481097244926e-03 7.019374039134657073e-02
6.510482993291562270e-02 2.421439647965628258e-02 7.394573559033168486e-02
6.600066054374399693e-02 4.362988955437958200e-02 7.384226792633905023e-02
-5.590184545613281764e-02 5.840608032256106724e-02 7.954506968407451528e-03
-4.671851545992378868e-02 6.734367483915694452e-02 -6.690813916879964629e-04
-3.684415263985889311e-02 6.730955305447890169e-02 -6.814230288753730241e-03
-2.709693833340957522e-02 6.482380434472455322e-02 -1.593152556255706537e-02
-1.752774261382519100e-02 6.141711554058035955e-02 -2.094021197765820116e-02
1.752774261382519100e-02 6.141711554058035955e-02 -2.094021197765820116e-02
2.709693833340957522e-02 6.482380434472455322e-02 -1.593152556255706537e-02
3.684415263985889311e-02 6.730955305447890169e-02 -6.814230288753730241e-03
4.671851545992378868e-02 6.734367483915694452e-02 -6.690813916879964629e-04
5.590184545613281764e-02 5.840608032256106724e-02 7.954506968407451528e-03
-0.000000000000000000e+00 4.253322746629259465e-02 -1.705059712698801105e-02
-0.000000000000000000e+00 2.825016176648433713e-02 -2.697207414773710593e-02
-0.000000000000000000e+00 1.505738252200747654e-02 -3.567298612248021722e-02
-0.000000000000000000e+00 0.000000000000000000e+00 -3.699999999999999817e-02
-1.169082108610608288e-02 -5.985029878573484147e-03 -1.754664984310022949e-02
-6.733705369800429413e-03 -8.362907461841505297e-03 -2.206635906112371787e-02
-0.000000000000000000e+00 -9.969203299812580410e-03 -2.387092447005243270e-02
6.733705369800429413e-03 -8.362907461841505297e-03 -2.206635906112371787e-02
1.169082108610608288e-02 -5.985029878573484147e-03 -1.754664984310022949e-02
-4.580625341508217513e-02 4.325893787053923523e-02 4.340574107287283045e-03
-3.991159008870618502e-02 4.534467621365678713e-02 -1.539053580252705555e-03
-2.557720417520109590e-02 4.522654173453551085e-02 -5.215222749941503255e-03
-1.902830995082194221e-02 4.124486746181591640e-02 -3.035323324324532002e-03
-2.669811750786217977e-02 3.772603986920571723e-02 -4.144337405512482642e-03
-4.051786464769496082e-02 3.876764540668219128e-02 -9.759916188132114478e-04
1.902830995082194221e-02 4.124486746181591640e-02 -3.035323324324532002e-03
2.557720417520109590e-02 4.522654173453551085e-02 -5.215222749941503255e-03
3.991159008870618502e-02 4.534467621365678713e-02 -1.539053580252705555e-03
4.580625341508217513e-02 4.325893787053923523e-02 4.340574107287283045e-03
4.051786464769496082e-02 3.876764540668219128e-02 -9.759916188132114478e-04
2.669811750786217977e-02 3.772603986920571723e-02 -4.144337405512482642e-03
-1.756751160245570431e-02 -3.030335578415031469e-02 -1.371208824862445164e-02
-5.996664356956379893e-03 -2.820020895970420938e-02 -2.305681708059095086e-02
-0.000000000000000000e+00 -2.975112426512678890e-02 -2.492161342048929140e-02
5.996664356956379893e-03 -2.820020895970420938e-02 -2.305681708059095086e-02
1.756751160245570431e-02 -3.030335578415031469e-02 -1.371208824862445164e-02
1.918718340540956011e-02 -4.217440776772035660e-02 -9.875159108374772371e-03
9.299979815589973914e-03 -4.717978787672417323e-02 -1.395601423964198257e-02
-0.000000000000000000e+00 -4.984267434348225306e-02 -2.048073202627581982e-02
-9.299979815589973914e-03 -4.717978787672417323e-02 -1.395601423964198257e-02
-1.918718340540956011e-02 -4.217440776772035660e-02 -9.875159108374772371e-03
-2.631482723015612576e-02 -3.526970084055012361e-02 -3.463676610548929724e-03
-1.217992862381800379e-02 -3.475907429066207865e-02 -1.448781248209835351e-02
-0.000000000000000000e+00 -3.712841582557350334e-02 -2.321601726596449894e-02
1.217992862381800379e-02 -3.475907429066207865e-02 -1.448781248209835351e-02
2.631482723015612576e-02 -3.526970084055012361e-02 -3.463676610548929724e-03
1.073523011365502475e-02 -3.635004106012388464e-02 -1.128476179110273966e-02
-0.000000000000000000e+00 -3.841714892882736043e-02 -2.070925472288011326e-02
-1.073523011365502475e-02 -3.635004106012388464e-02 -1.128476179110273966e-02